51.508000
39.660000
36.496000
36.765000
36.518000
36.372000
36.430000
36.479000
36.343000
37.664000
36.953000
37.185000
36.420000
38.735000
36.374000
36.469000
37.057000
37.834000
36.734000
36.487000
36.502000
36.601000
36.382000
38.006000
41.007000
36.495000
36.414000
36.340000
37.505000
36.755000
36.969000
36.548000
36.810000
41.704000
36.553000
36.477000
36.634000
37.739000
37.308000
36.500000
39.233000
36.400000
36.452000
37.538000
36.922000
36.568000
36.481000
36.459000
36.887000
36.390000
37.572000
40.188000
36.488000
36.410000
36.421000
37.518000
36.522000
37.374000
36.578000
36.464000
36.338000
36.649000
36.472000
36.538000
37.877000
37.203000
36.389000
36.950000
37.544000
36.447000
40.878000
37.013000
36.542000
36.492000
36.634000
36.425000
36.397000
39.992000
37.502000
38.650000
36.506000
37.037000
37.465000
36.371000
36.549000
36.379000
36.373000
36.374000
36.352000
36.288000
36.342000
36.285000
45.266000
49.700000
55.015000
41.215000
51.891000
53.237000
58.969000
37.212000
