0.001000 -1.000000
0.002000 -0.999999
0.003000 -0.999997
0.004000 -0.999994
0.005000 -0.999990
0.006000 -0.999985
0.007000 -0.999979
0.008000 -0.999972
0.009000 -0.999964
0.010000 -0.999955
0.011000 -0.999945
0.012000 -0.999934
0.013000 -0.999922
0.014000 -0.999909
0.015000 -0.999895
0.015999 -0.999880
0.016999 -0.999864
0.017999 -0.999847
0.018999 -0.999829
0.019999 -0.999810
0.020999 -0.999790
0.021998 -0.999769
0.022998 -0.999747
0.023998 -0.999724
0.024998 -0.999700
0.025997 -0.999675
0.026997 -0.999649
0.027997 -0.999622
0.028996 -0.999594
0.029996 -0.999565
0.030996 -0.999535
0.031995 -0.999504
0.032995 -0.999472
0.033994 -0.999439
0.034993 -0.999405
0.035993 -0.999370
0.036992 -0.999334
0.037992 -0.999297
0.038991 -0.999259
0.039990 -0.999220
0.040989 -0.999180
0.041989 -0.999139
0.042988 -0.999097
0.043987 -0.999054
0.044986 -0.999010
0.045985 -0.998965
0.046984 -0.998919
0.047983 -0.998872
0.048982 -0.998824
0.049980 -0.998775
0.050979 -0.998725
0.051978 -0.998674
0.052977 -0.998622
0.053975 -0.998569
0.054974 -0.998515
0.055972 -0.998460
0.056971 -0.998404
0.057969 -0.998347
0.058968 -0.998289
0.059966 -0.998230
0.060964 -0.998170
0.061962 -0.998110
0.062960 -0.998048
0.063958 -0.997985
0.064956 -0.997921
0.065954 -0.997856
0.066952 -0.997790
0.067950 -0.997723
0.068948 -0.997655
0.069945 -0.997586
0.070943 -0.997516
0.071940 -0.997445
0.072938 -0.997373
0.073935 -0.997300
0.074932 -0.997226
0.075930 -0.997151
0.076927 -0.997075
0.077924 -0.996998
0.078921 -0.996920
0.079918 -0.996842
0.080915 -0.996762
0.081911 -0.996681
0.082908 -0.996599
0.083905 -0.996516
0.084901 -0.996432
0.085898 -0.996347
0.086894 -0.996261
0.087890 -0.996174
0.088886 -0.996086
0.089883 -0.995997
0.090879 -0.995908
0.091874 -0.995817
0.092870 -0.995725
0.093866 -0.995632
0.094862 -0.995538
0.095857 -0.995443
0.096853 -0.995347
0.097848 -0.995251
0.098843 -0.995153
0.099838 -0.995054
0.100833 -0.994954
0.101828 -0.994853
0.102823 -0.994751
0.103818 -0.994649
0.104813 -0.994545
0.105807 -0.994440
0.106802 -0.994334
0.107796 -0.994227
0.108790 -0.994119
0.109784 -0.994011
0.110778 -0.993901
0.111772 -0.993790
0.112766 -0.993678
0.113760 -0.993566
0.114753 -0.993452
0.115747 -0.993337
0.116740 -0.993221
0.117733 -0.993105
0.118726 -0.992987
0.119719 -0.992868
0.120712 -0.992748
0.121705 -0.992628
0.122698 -0.992506
0.123690 -0.992383
0.124682 -0.992260
0.125675 -0.992135
0.126667 -0.992009
0.127659 -0.991883
0.128651 -0.991755
0.129642 -0.991626
0.130634 -0.991497
0.131626 -0.991366
0.132617 -0.991234
0.133608 -0.991102
0.134599 -0.990968
0.135590 -0.990833
0.136581 -0.990698
0.137572 -0.990561
0.138562 -0.990424
0.139553 -0.990285
0.140543 -0.990146
0.141533 -0.990005
0.142523 -0.989864
0.143513 -0.989721
0.144503 -0.989577
0.145492 -0.989433
0.146482 -0.989287
0.147471 -0.989141
0.148460 -0.988994
0.149449 -0.988845
0.150438 -0.988696
0.151427 -0.988545
0.152415 -0.988394
0.153404 -0.988241
0.154392 -0.988088
0.155380 -0.987934
0.156368 -0.987778
0.157356 -0.987622
0.158343 -0.987464
0.159331 -0.987306
0.160318 -0.987147
0.161305 -0.986986
0.162292 -0.986825
0.163279 -0.986663
0.164266 -0.986500
0.165252 -0.986335
0.166239 -0.986170
0.167225 -0.986004
0.168211 -0.985837
0.169197 -0.985668
0.170182 -0.985499
0.171168 -0.985329
0.172153 -0.985158
0.173138 -0.984986
0.174123 -0.984812
0.175108 -0.984638
0.176093 -0.984463
0.177077 -0.984287
0.178061 -0.984110
0.179046 -0.983932
0.180030 -0.983753
0.181013 -0.983573
0.181997 -0.983392
0.182980 -0.983210
0.183963 -0.983027
0.184946 -0.982843
0.185929 -0.982658
0.186912 -0.982472
0.187894 -0.982285
0.188877 -0.982097
0.189859 -0.981909
0.190841 -0.981719
0.191822 -0.981528
0.192804 -0.981336
0.193785 -0.981143
0.194766 -0.980949
0.195747 -0.980755
0.196728 -0.980559
0.197709 -0.980362
0.198689 -0.980164
0.199669 -0.979966
0.200649 -0.979766
0.201629 -0.979566
0.202609 -0.979364
0.203588 -0.979161
0.204567 -0.978958
0.205546 -0.978753
0.206525 -0.978548
0.207503 -0.978341
0.208482 -0.978134
0.209460 -0.977925
0.210438 -0.977716
0.211415 -0.977505
0.212393 -0.977294
0.213370 -0.977081
0.214347 -0.976868
0.215324 -0.976654
0.216301 -0.976438
0.217277 -0.976222
0.218253 -0.976005
0.219229 -0.975786
0.220205 -0.975567
0.221181 -0.975347
0.222156 -0.975126
0.223131 -0.974904
0.224106 -0.974681
0.225081 -0.974456
0.226055 -0.974231
0.227030 -0.974005
0.228004 -0.973778
0.228977 -0.973550
0.229951 -0.973321
0.230924 -0.973091
0.231897 -0.972860
0.232870 -0.972628
0.233843 -0.972396
0.234815 -0.972162
0.235787 -0.971927
0.236759 -0.971691
0.237731 -0.971454
0.238702 -0.971217
0.239674 -0.970978
0.240645 -0.970738
0.241615 -0.970498
0.242586 -0.970256
0.243556 -0.970013
0.244526 -0.969770
0.245496 -0.969525
0.246465 -0.969280
0.247435 -0.969033
0.248404 -0.968786
0.249373 -0.968538
0.250341 -0.968288
0.251309 -0.968038
0.252277 -0.967787
0.253245 -0.967534
0.254213 -0.967281
0.255180 -0.967027
0.256147 -0.966772
0.257114 -0.966515
0.258080 -0.966258
0.259047 -0.966000
0.260013 -0.965741
0.260978 -0.965481
0.261944 -0.965220
0.262909 -0.964958
0.263874 -0.964695
0.264839 -0.964432
0.265803 -0.964167
0.266767 -0.963901
0.267731 -0.963634
0.268695 -0.963366
0.269658 -0.963098
0.270621 -0.962828
0.271584 -0.962557
0.272547 -0.962286
0.273509 -0.962013
0.274471 -0.961740
0.275433 -0.961465
0.276394 -0.961190
0.277355 -0.960913
0.278316 -0.960636
0.279277 -0.960358
0.280237 -0.960079
0.281197 -0.959798
0.282157 -0.959517
0.283117 -0.959235
0.284076 -0.958952
0.285035 -0.958668
0.285993 -0.958383
0.286952 -0.958097
0.287910 -0.957810
0.288868 -0.957522
0.289825 -0.957233
0.290783 -0.956943
0.291739 -0.956652
0.292696 -0.956361
0.293652 -0.956068
0.294609 -0.955774
0.295564 -0.955480
0.296520 -0.955184
0.297475 -0.954888
0.298430 -0.954590
0.299384 -0.954292
0.300339 -0.953992
0.301293 -0.953692
0.302246 -0.953391
0.303200 -0.953088
0.304153 -0.952785
0.305106 -0.952481
0.306058 -0.952176
0.307010 -0.951870
0.307962 -0.951563
0.308914 -0.951255
0.309865 -0.950946
0.310816 -0.950636
0.311767 -0.950325
0.312717 -0.950013
0.313667 -0.949701
0.314617 -0.949387
0.315566 -0.949072
0.316515 -0.948757
0.317464 -0.948440
0.318412 -0.948123
0.319360 -0.947804
0.320308 -0.947485
0.321256 -0.947165
0.322203 -0.946844
0.323150 -0.946521
0.324096 -0.946198
0.325042 -0.945874
0.325988 -0.945549
0.326934 -0.945223
0.327879 -0.944896
0.328824 -0.944568
0.329769 -0.944239
0.330713 -0.943910
0.331657 -0.943579
0.332600 -0.943247
0.333543 -0.942915
0.334486 -0.942581
0.335429 -0.942247
0.336371 -0.941911
0.337313 -0.941575
0.338255 -0.941238
0.339196 -0.940899
0.340137 -0.940560
0.341077 -0.940220
0.342018 -0.939879
0.342958 -0.939537
0.343897 -0.939194
0.344836 -0.938850
0.345775 -0.938505
0.346714 -0.938159
0.347652 -0.937813
0.348590 -0.937465
0.349527 -0.937116
0.350464 -0.936767
0.351401 -0.936416
0.352337 -0.936065
0.353273 -0.935713
0.354209 -0.935359
0.355144 -0.935005
0.356079 -0.934650
0.357014 -0.934294
0.357948 -0.933937
0.358882 -0.933579
0.359816 -0.933220
0.360749 -0.932860
0.361682 -0.932500
0.362615 -0.932138
0.363547 -0.931775
0.364478 -0.931412
0.365410 -0.931047
0.366341 -0.930682
0.367272 -0.930315
0.368202 -0.929948
0.369132 -0.929580
0.370061 -0.929211
0.370991 -0.928841
0.371920 -0.928470
0.372848 -0.928098
0.373776 -0.927725
0.374704 -0.927351
0.375631 -0.926977
0.376558 -0.926601
0.377485 -0.926224
0.378411 -0.925847
0.379337 -0.925468
0.380262 -0.925089
0.381187 -0.924709
0.382112 -0.924328
0.383036 -0.923946
0.383960 -0.923563
0.384884 -0.923179
0.385807 -0.922794
0.386730 -0.922408
0.387652 -0.922021
0.388574 -0.921633
0.389496 -0.921245
0.390417 -0.920855
0.391338 -0.920465
0.392259 -0.920074
0.393179 -0.919681
0.394098 -0.919288
0.395018 -0.918894
0.395936 -0.918499
0.396855 -0.918103
0.397773 -0.917706
0.398691 -0.917309
0.399608 -0.916910
0.400525 -0.916510
0.401442 -0.916110
0.402358 -0.915708
0.403273 -0.915306
0.404189 -0.914903
0.405104 -0.914498
0.406018 -0.914093
0.406932 -0.913687
0.407846 -0.913280
0.408759 -0.912872
0.409672 -0.912464
0.410584 -0.912054
0.411496 -0.911644
0.412408 -0.911232
0.413319 -0.910820
0.414230 -0.910406
0.415141 -0.909992
0.416051 -0.909577
0.416960 -0.909161
0.417869 -0.908744
0.418778 -0.908326
0.419686 -0.907907
0.420594 -0.907488
0.421502 -0.907067
0.422409 -0.906645
0.423315 -0.906223
0.424222 -0.905800
0.425127 -0.905376
0.426033 -0.904950
0.426938 -0.904524
0.427842 -0.904097
0.428746 -0.903670
0.429650 -0.903241
0.430553 -0.902811
0.431456 -0.902381
0.432359 -0.901949
0.433260 -0.901517
0.434162 -0.901084
0.435063 -0.900649
0.435964 -0.900214
0.436864 -0.899778
0.437764 -0.899342
0.438663 -0.898904
0.439562 -0.898465
0.440460 -0.898026
0.441358 -0.897585
0.442256 -0.897144
0.443153 -0.896701
0.444050 -0.896258
0.444946 -0.895814
0.445842 -0.895369
0.446737 -0.894923
0.447632 -0.894477
0.448527 -0.894029
0.449421 -0.893581
0.450314 -0.893131
0.451207 -0.892681
0.452100 -0.892230
0.452992 -0.891778
0.453884 -0.891325
0.454775 -0.890871
0.455666 -0.890416
0.456557 -0.889960
0.457447 -0.889504
0.458336 -0.889046
0.459225 -0.888588
0.460114 -0.888129
0.461002 -0.887668
0.461890 -0.887207
0.462777 -0.886746
0.463664 -0.886283
0.464550 -0.885819
0.465436 -0.885355
0.466321 -0.884889
0.467206 -0.884423
0.468090 -0.883956
0.468974 -0.883488
0.469858 -0.883019
0.470741 -0.882549
0.471623 -0.882078
0.472505 -0.881606
0.473387 -0.881134
0.474268 -0.880660
0.475149 -0.880186
0.476029 -0.879711
0.476909 -0.879235
0.477788 -0.878758
0.478667 -0.878280
0.479545 -0.877802
0.480423 -0.877322
0.481300 -0.876842
0.482177 -0.876360
0.483053 -0.875878
0.483929 -0.875395
0.484805 -0.874911
0.485680 -0.874426
0.486554 -0.873941
0.487428 -0.873454
0.488301 -0.872967
0.489174 -0.872478
0.490047 -0.871989
0.490919 -0.871499
0.491790 -0.871008
0.492661 -0.870516
0.493532 -0.870024
0.494402 -0.869530
0.495271 -0.869036
0.496140 -0.868541
0.497009 -0.868044
0.497877 -0.867548
0.498745 -0.867050
0.499612 -0.866551
0.500478 -0.866051
0.501344 -0.865551
0.502210 -0.865049
0.503075 -0.864547
0.503939 -0.864044
0.504803 -0.863540
0.505667 -0.863035
0.506530 -0.862530
0.507393 -0.862023
0.508255 -0.861516
0.509116 -0.861008
0.509977 -0.860498
0.510838 -0.859988
0.511698 -0.859478
0.512557 -0.858966
0.513416 -0.858453
0.514274 -0.857940
0.515132 -0.857426
0.515990 -0.856911
0.516847 -0.856395
0.517703 -0.855878
0.518559 -0.855360
0.519414 -0.854841
0.520269 -0.854322
0.521124 -0.853802
0.521977 -0.853281
0.522831 -0.852759
0.523683 -0.852236
0.524536 -0.851712
0.525387 -0.851188
0.526239 -0.850662
0.527089 -0.850136
0.527939 -0.849609
0.528789 -0.849081
0.529638 -0.848552
0.530487 -0.848022
0.531335 -0.847492
0.532182 -0.846961
0.533029 -0.846428
0.533875 -0.845895
0.534721 -0.845362
0.535567 -0.844827
0.536412 -0.844291
0.537256 -0.843755
0.538100 -0.843218
0.538943 -0.842680
0.539786 -0.842141
0.540628 -0.841601
0.541469 -0.841060
0.542310 -0.840519
0.543151 -0.839976
0.543991 -0.839433
0.544830 -0.838889
0.545669 -0.838344
0.546508 -0.837799
0.547345 -0.837252
0.548183 -0.836705
0.549019 -0.836157
0.549855 -0.835608
0.550691 -0.835058
0.551526 -0.834507
0.552361 -0.833956
0.553195 -0.833403
0.554028 -0.832850
0.554861 -0.832296
0.555693 -0.831741
0.556525 -0.831185
0.557356 -0.830629
0.558187 -0.830072
0.559017 -0.829513
0.559846 -0.828954
0.560675 -0.828394
0.561504 -0.827834
0.562331 -0.827272
0.563159 -0.826710
0.563985 -0.826147
0.564812 -0.825583
0.565637 -0.825018
0.566462 -0.824452
0.567287 -0.823886
0.568111 -0.823319
0.568934 -0.822751
0.569757 -0.822182
0.570579 -0.821612
0.571400 -0.821041
0.572221 -0.820470
0.573042 -0.819898
0.573862 -0.819325
0.574681 -0.818751
0.575500 -0.818176
0.576318 -0.817601
0.577136 -0.817024
0.577953 -0.816447
0.578769 -0.815869
0.579585 -0.815290
0.580400 -0.814711
0.581215 -0.814130
0.582029 -0.813549
0.582843 -0.812967
0.583656 -0.812384
0.584468 -0.811801
0.585280 -0.811216
0.586091 -0.810631
0.586902 -0.810045
0.587712 -0.809458
0.588521 -0.808870
0.589330 -0.808282
0.590138 -0.807692
0.590946 -0.807102
0.591753 -0.806511
0.592560 -0.805920
0.593366 -0.805327
0.594171 -0.804734
0.594976 -0.804139
0.595780 -0.803544
0.596583 -0.802949
0.597386 -0.802352
0.598189 -0.801755
0.598990 -0.801156
0.599791 -0.800557
0.600592 -0.799958
0.601392 -0.799357
0.602191 -0.798756
0.602990 -0.798154
0.603788 -0.797551
0.604586 -0.796947
0.605383 -0.796342
0.606179 -0.795737
0.606975 -0.795131
0.607770 -0.794524
0.608564 -0.793916
0.609358 -0.793307
0.610152 -0.792698
0.610944 -0.792088
0.611736 -0.791477
0.612528 -0.790865
0.613319 -0.790253
0.614109 -0.789639
0.614899 -0.789025
0.615688 -0.788410
0.616476 -0.787795
0.617264 -0.787178
0.618051 -0.786561
0.618838 -0.785943
0.619624 -0.785324
0.620409 -0.784704
0.621194 -0.784084
0.621978 -0.783463
0.622761 -0.782841
0.623544 -0.782218
0.624326 -0.781594
0.625108 -0.780970
0.625889 -0.780345
0.626669 -0.779719
0.627449 -0.779092
0.628228 -0.778465
0.629007 -0.777837
0.629784 -0.777208
0.630562 -0.776578
0.631338 -0.775947
0.632114 -0.775316
0.632889 -0.774684
0.633664 -0.774051
0.634438 -0.773417
0.635212 -0.772783
0.635984 -0.772148
0.636756 -0.771512
0.637528 -0.770875
0.638299 -0.770237
0.639069 -0.769599
0.639839 -0.768960
0.640608 -0.768320
0.641376 -0.767680
0.642144 -0.767038
0.642911 -0.766396
0.643677 -0.765753
0.644443 -0.765109
0.645208 -0.764465
0.645972 -0.763820
0.646736 -0.763174
0.647499 -0.762527
0.648262 -0.761880
0.649024 -0.761231
0.649785 -0.760582
0.650546 -0.759933
0.651305 -0.759282
0.652065 -0.758631
0.652823 -0.757979
0.653581 -0.757326
0.654339 -0.756672
0.655095 -0.756018
0.655851 -0.755363
0.656607 -0.754707
0.657362 -0.754050
0.658116 -0.753393
0.658869 -0.752735
0.659622 -0.752076
0.660374 -0.751416
0.661125 -0.750756
0.661876 -0.750095
0.662626 -0.749433
0.663376 -0.748770
0.664124 -0.748107
0.664872 -0.747443
0.665620 -0.746778
0.666367 -0.746112
0.667113 -0.745446
0.667858 -0.744779
0.668603 -0.744111
0.669347 -0.743442
0.670091 -0.742773
0.670833 -0.742103
0.671575 -0.741432
0.672317 -0.740761
0.673058 -0.740088
0.673798 -0.739415
0.674537 -0.738741
0.675276 -0.738067
0.676014 -0.737392
0.676751 -0.736716
0.677488 -0.736039
0.678224 -0.735361
0.678959 -0.734683
0.679694 -0.734004
0.680428 -0.733324
0.681162 -0.732644
0.681894 -0.731963
0.682626 -0.731281
0.683357 -0.730598
0.684088 -0.729915
0.684818 -0.729231
0.685547 -0.728546
0.686276 -0.727861
0.687003 -0.727174
0.687731 -0.726487
0.688457 -0.725800
0.689183 -0.725111
0.689908 -0.724422
0.690632 -0.723732
0.691356 -0.723041
0.692079 -0.722350
0.692802 -0.721658
0.693523 -0.720965
0.694244 -0.720272
0.694964 -0.719577
0.695684 -0.718882
0.696403 -0.718187
0.697121 -0.717490
0.697839 -0.716793
0.698555 -0.716095
0.699272 -0.715397
0.699987 -0.714697
0.700702 -0.713997
0.701416 -0.713297
0.702129 -0.712595
0.702841 -0.711893
0.703553 -0.711190
0.704265 -0.710487
0.704975 -0.709782
0.705685 -0.709077
0.706394 -0.708372
0.707102 -0.707665
0.707810 -0.706958
0.708517 -0.706250
0.709223 -0.705542
0.709929 -0.704833
0.710634 -0.704123
0.711338 -0.703412
0.712041 -0.702701
0.712744 -0.701989
0.713446 -0.701276
0.714147 -0.700563
0.714848 -0.699848
0.715547 -0.699134
0.716247 -0.698418
0.716945 -0.697702
0.717643 -0.696985
0.718340 -0.696267
0.719036 -0.695549
0.719731 -0.694830
0.720426 -0.694110
0.721120 -0.693390
0.721814 -0.692669
0.722506 -0.691947
0.723198 -0.691224
0.723890 -0.690501
0.724580 -0.689777
0.725270 -0.689053
0.725959 -0.688327
0.726647 -0.687601
0.727335 -0.686875
0.728022 -0.686147
0.728708 -0.685419
0.729393 -0.684691
0.730078 -0.683961
0.730762 -0.683231
0.731445 -0.682500
0.732128 -0.681769
0.732809 -0.681037
0.733490 -0.680304
0.734171 -0.679570
0.734850 -0.678836
0.735529 -0.678101
0.736207 -0.677366
0.736885 -0.676630
0.737561 -0.675893
0.738237 -0.675155
0.738912 -0.674417
0.739587 -0.673678
0.740260 -0.672939
0.740933 -0.672198
0.741606 -0.671457
0.742277 -0.670716
0.742948 -0.669973
0.743618 -0.669230
0.744287 -0.668487
0.744955 -0.667743
0.745623 -0.666998
0.746290 -0.666252
0.746956 -0.665506
0.747622 -0.664759
0.748287 -0.664011
0.748951 -0.663263
0.749614 -0.662514
0.750276 -0.661764
0.750938 -0.661014
0.751599 -0.660263
0.752259 -0.659511
0.752919 -0.658759
0.753578 -0.658006
0.754236 -0.657253
0.754893 -0.656498
0.755549 -0.655744
0.756205 -0.654988
0.756860 -0.654232
0.757514 -0.653475
0.758168 -0.652717
0.758821 -0.651959
0.759473 -0.651200
0.760124 -0.650441
0.760774 -0.649681
0.761424 -0.648920
0.762073 -0.648159
0.762721 -0.647397
0.763368 -0.646634
0.764015 -0.645870
0.764661 -0.645106
0.765306 -0.644342
0.765950 -0.643576
0.766594 -0.642810
0.767237 -0.642044
0.767879 -0.641277
0.768520 -0.640509
0.769161 -0.639740
0.769800 -0.638971
0.770439 -0.638201
0.771078 -0.637431
0.771715 -0.636660
0.772352 -0.635888
0.772987 -0.635116
0.773623 -0.634343
0.774257 -0.633569
0.774890 -0.632795
0.775523 -0.632020
0.776155 -0.631244
0.776787 -0.630468
0.777417 -0.629691
0.778047 -0.628914
0.778676 -0.628136
0.779304 -0.627357
0.779931 -0.626578
0.780558 -0.625798
0.781183 -0.625017
0.781808 -0.624236
0.782433 -0.623454
0.783056 -0.622672
0.783679 -0.621889
0.784301 -0.621105
0.784922 -0.620321
0.785542 -0.619536
0.786162 -0.618751
0.786780 -0.617964
0.787398 -0.617178
0.788016 -0.616390
0.788632 -0.615602
0.789248 -0.614814
0.789862 -0.614024
0.790477 -0.613234
0.791090 -0.612444
0.791702 -0.611653
0.792314 -0.610861
0.792925 -0.610069
0.793535 -0.609276
0.794144 -0.608482
0.794753 -0.607688
0.795360 -0.606893
0.795967 -0.606098
0.796573 -0.605302
0.797179 -0.604506
0.797783 -0.603708
0.798387 -0.602911
0.798990 -0.602112
0.799592 -0.601313
0.800193 -0.600514
0.800794 -0.599713
0.801393 -0.598913
0.801992 -0.598111
0.802590 -0.597309
0.803188 -0.596507
0.803784 -0.595703
0.804380 -0.594900
0.804975 -0.594095
0.805569 -0.593290
0.806162 -0.592485
0.806755 -0.591679
0.807346 -0.590872
0.807937 -0.590065
0.808527 -0.589257
0.809117 -0.588448
0.809705 -0.587639
0.810293 -0.586829
0.810879 -0.586019
0.811466 -0.585208
0.812051 -0.584397
0.812635 -0.583585
0.813219 -0.582772
0.813801 -0.581959
0.814383 -0.581145
0.814965 -0.580331
0.815545 -0.579516
0.816124 -0.578700
0.816703 -0.577884
0.817281 -0.577067
0.817858 -0.576250
0.818434 -0.575432
0.819010 -0.574614
0.819584 -0.573795
0.820158 -0.572975
0.820731 -0.572155
0.821303 -0.571334
0.821875 -0.570513
0.822445 -0.569691
0.823015 -0.568869
0.823584 -0.568045
0.824152 -0.567222
0.824719 -0.566398
0.825285 -0.565573
0.825851 -0.564748
0.826416 -0.563922
0.826980 -0.563096
0.827543 -0.562269
0.828105 -0.561441
0.828666 -0.560613
0.829227 -0.559784
0.829787 -0.558955
0.830346 -0.558125
0.830904 -0.557295
0.831461 -0.556464
0.832018 -0.555633
0.832573 -0.554801
0.833128 -0.553968
0.833682 -0.553135
0.834235 -0.552301
0.834788 -0.551467
0.835339 -0.550632
0.835890 -0.549797
0.836439 -0.548961
0.836988 -0.548124
0.837537 -0.547287
0.838084 -0.546450
0.838630 -0.545612
0.839176 -0.544773
0.839721 -0.543934
0.840265 -0.543094
0.840808 -0.542254
0.841350 -0.541413
0.841891 -0.540572
