11.000000
12.000000
11.000000
11.000000
12.000000
11.000000
11.000000
12.000000
11.000000
11.000000
12.000000
12.000000
12.000000
12.000000
12.000000
12.000000
11.000000
11.000000
11.000000
12.000000
11.000000
12.000000
11.000000
11.000000
12.000000
11.000000
12.000000
11.000000
12.000000
11.000000
11.000000
12.000000
11.000000
11.000000
12.000000
11.000000
11.000000
12.000000
11.000000
11.000000
12.000000
11.000000
11.000000
12.000000
11.000000
11.000000
12.000000
11.000000
11.000000
11.000000
11.000000
11.000000
12.000000
11.000000
11.000000
12.000000
11.000000
11.000000
12.000000
11.000000
11.000000
12.000000
11.000000
12.000000
11.000000
11.000000
12.000000
11.000000
11.000000
12.000000
11.000000
12.000000
11.000000
11.000000
12.000000
11.000000
13.000000
12.000000
12.000000
12.000000
11.000000
11.000000
12.000000
12.000000
12.000000
11.000000
12.000000
20.000000
23.000000
13.000000
12.000000
12.000000
11.000000
11.000000
12.000000
11.000000
13.000000
13.000000
12.000000
11.000000
