114.000000
119.000000
114.000000
114.000000
114.000000
133.000000
142.000000
114.000000
114.000000
114.000000
114.000000
114.000000
114.000000
114.000000
115.000000
114.000000
114.000000
114.000000
116.000000
113.000000
114.000000
115.000000
113.000000
115.000000
114.000000
114.000000
114.000000
114.000000
114.000000
114.000000
114.000000
114.000000
114.000000
114.000000
114.000000
114.000000
113.000000
114.000000
114.000000
114.000000
115.000000
113.000000
114.000000
115.000000
114.000000
116.000000
113.000000
114.000000
114.000000
115.000000
113.000000
114.000000
114.000000
116.000000
114.000000
113.000000
114.000000
114.000000
115.000000
113.000000
114.000000
114.000000
119.000000
114.000000
116.000000
114.000000
115.000000
114.000000
115.000000
113.000000
114.000000
115.000000
114.000000
114.000000
115.000000
114.000000
113.000000
114.000000
115.000000
114.000000
116.000000
114.000000
114.000000
114.000000
115.000000
113.000000
120.000000
115.000000
114.000000
114.000000
115.000000
116.000000
114.000000
114.000000
115.000000
113.000000
114.000000
114.000000
115.000000
113.000000
