5.3160
4.8220
6.1930
3.4950
2.9370
3.0720
3.0160
2.8840
2.9910
3.0250
3.0520
3.0570
2.9520
3.0600
3.0400
3.2860
3.0620
2.9600
3.0000
3.1420
2.9290
2.9800
3.0180
2.8820
3.0130
2.9520
3.0190
3.0270
3.0010
2.9540
2.9670
3.0330
3.0490
3.0520
2.9770
3.0550
3.0200
3.0190
3.0190
2.9970
2.9960
2.9490
3.0640
2.9580
2.9260
2.9970
2.9860
3.0080
2.9610
3.0110
3.0600
2.9120
3.0370
2.9700
3.0490
3.0750
3.0250
2.9110
3.0080
3.0530
2.9150
2.9890
3.0370
3.0990
2.9970
2.9670
3.0140
3.0300
3.0390
3.0720
3.0700
2.9830
2.9720
3.0180
2.9560
2.9820
2.9620
2.9150
3.0690
3.0100
2.9330
2.9390
3.0460
2.9790
2.9680
3.0310
2.9110
3.0460
2.9960
3.0390
3.0230
2.9530
3.0940
2.9450
3.0320
3.0420
2.9300
3.0400
2.9020
2.9440
2.8710
3.0000
3.0290
3.0230
2.9050
2.9850
3.0530
2.9230
2.9330
2.9830
2.9340
3.0140
2.9970
2.9320
3.0080
3.0250
3.0450
3.1270
3.8160
3.1360
3.0280
2.9440
3.0750
3.0530
2.8240
2.9280
3.0260
2.9130
3.0440
3.0330
2.9990
2.9300
3.0300
2.9990
3.0230
2.9580
3.0360
2.8620
3.0730
2.9200
3.0600
2.9750
3.0160
3.0620
3.0590
3.0280
2.9430
2.9930
2.8700
2.9880
3.0270
2.9940
2.9520
3.0100
3.0570
2.9390
3.0200
3.0020
3.0070
2.9280
2.8870
2.8411
3.0250
2.8330
3.0110
3.0120
2.9660
3.0430
2.9600
3.2540
2.9840
3.0390
3.4770
2.9890
3.0180
3.0610
3.0520
2.9970
3.0620
3.0210
2.9650
3.0420
3.0290
2.9970
3.0560
2.9430
3.0670
2.9960
3.0100
2.9910
2.9580
3.0500
2.9000
2.9000
3.9190
2.9910
2.9740
2.9480
3.0250
2.9760
3.0620
2.8930
3.0570
4.5580
2.9550
3.0640
3.0510
2.9950
2.9580
3.0150
3.0540
3.0130
3.0690
2.9910
3.0010
2.9400
3.0460
2.9960
2.8760
3.0490
2.9800
2.9680
2.8530
2.9820
2.9930
2.9690
3.0310
3.2990
2.9920
2.9890
3.0320
2.9600
3.0850
2.9880
3.0280
2.9390
3.0430
3.0150
2.9470
2.9770
2.9790
2.9050
3.0250
2.9820
3.0580
3.0160
3.0210
2.8820
2.9390
2.8850
3.0010
2.9310
3.2540
3.7980
3.0090
3.0930
3.8540
2.9260
2.9290
3.0050
3.0020
3.0160
3.0300
3.0420
2.9430
3.0180
3.0640
3.0260
3.0190
3.0160
3.0930
2.9620
2.9320
2.9800
3.0330
3.0569
2.9760
3.0610
2.9441
3.0120
2.9650
3.2930
3.0640
2.8980
3.0390
3.0010
2.9990
3.0370
3.0510
3.0640
2.9710
3.0030
3.0550
3.0150
2.9820
3.0500
3.0200
3.0560
2.9260
2.9920
3.0529
2.9340
2.9950
3.1170
3.0700
3.0010
2.9010
2.9170
2.9770
3.0400
2.9480
3.0160
3.0470
3.0740
3.0340
3.0120
2.9899
2.9580
3.0470
3.0830
3.1390
3.0570
3.0019
3.0600
3.0200
3.0570
2.9550
2.9770
3.0080
3.0071
2.9199
2.9060
3.0140
2.9640
3.0241
2.9900
3.0870
2.9730
2.8789
2.9860
3.0410
3.1070
2.9171
3.0291
2.9991
3.0160
3.0410
2.9430
2.9570
2.9380
3.0230
3.0431
3.0191
3.0520
3.0010
2.9930
3.0129
2.9440
3.0320
2.8590
3.4800
3.0210
3.0661
3.0301
3.0260
2.8950
2.9180
2.9570
2.9000
3.0409
3.4200
3.0360
2.9830
2.9340
3.1110
3.0141
2.9949
2.9960
3.5810
3.5269
2.9600
3.0271
3.0450
3.0730
2.8809
2.9390
3.6660
3.8941
3.0930
3.0160
3.0380
2.9830
2.9510
2.9570
2.8740
3.0080
2.9490
2.9631
3.0071
2.9900
3.0230
3.0490
3.0711
2.9449
3.1279
2.9629
3.0121
2.8920
2.8991
2.9880
2.9869
3.0650
3.0141
2.9941
2.9889
2.9600
2.9030
2.9579
3.0239
3.0440
2.9160
3.0080
2.9979
3.0370
2.9620
3.0060
3.0359
2.9550
2.8690
2.9620
2.9259
2.9730
2.8950
2.8870
2.9370
2.9470
3.0661
3.0040
3.0420
2.9460
3.0160
2.9910
2.9709
2.9770
2.8830
2.9629
3.2570
3.2409
4.2731
2.9920
2.9360
3.0900
3.0200
2.9790
3.0780
2.9809
2.9119
3.0750
3.0360
3.0290
3.0529
2.9399
3.0700
3.0700
2.9790
3.0960
3.0110
2.9570
2.9300
2.9930
3.0230
2.9670
3.0590
3.0010
3.0360
3.0221
3.0750
2.9961
2.9731
3.0301
2.9631
2.9830
2.9600
2.9230
3.0711
3.0111
2.9380
2.9390
3.0360
2.9669
2.9529
3.0239
2.9260
3.0249
2.9961
3.0580
3.0129
2.9490
3.0849
2.9440
3.0409
3.0500
2.9309
3.0509
3.0880
2.9629
2.9690
3.1030
2.9670
3.0780
2.9130
2.9830
2.9660
3.0020
3.0210
2.9230
2.9930
2.9360
3.0791
2.9269
3.0711
3.0200
3.0150
2.9919
3.0439
3.1470
3.4380
3.0551
2.9869
3.0010
2.8220
3.0291
3.9899
3.0539
2.9910
2.9420
2.9509
3.0380
2.9490
3.0230
3.0400
2.9149
2.9991
3.0140
2.9640
3.0600
3.0490
2.9960
2.8710
2.9560
2.9330
3.0251
2.9660
3.0680
3.0600
2.9150
2.8892
2.9941
3.0389
3.3079
2.9401
2.9311
3.0499
2.9330
3.0650
3.2029
3.0340
3.3169
2.9571
3.0459
3.1340
3.1079
3.0510
2.9581
3.0980
3.0180
3.0249
2.9629
3.0310
3.0000
2.9991
2.9241
2.9830
2.9420
2.9830
3.0630
3.9890
3.8500
3.1220
3.0391
2.9360
3.0451
3.0360
3.0031
2.9631
2.9221
3.0041
3.0620
3.0321
2.9480
2.9960
2.9711
3.1779
3.0479
3.0240
3.1021
2.9250
3.0299
3.0301
2.8881
3.7019
3.1389
2.9950
2.9809
3.0230
3.0651
2.9970
2.9459
3.0160
3.0320
3.0260
2.9919
3.0670
2.9800
3.0370
2.9720
2.9870
2.8430
2.9860
2.9761
2.9669
3.0280
3.0230
3.0431
2.9380
3.0431
2.9919
3.0340
3.0349
3.0119
2.8161
3.0789
3.0031
2.9531
3.0791
3.0699
3.0650
3.0271
3.0290
2.9409
2.9811
3.0260
3.0060
2.9380
2.9302
2.9991
2.9409
2.9459
2.9879
3.0031
2.9981
2.9411
3.0470
2.9440
3.0460
3.0661
2.9840
3.0169
2.8861
2.9521
3.0770
3.1919
3.0081
2.9790
2.9421
3.0050
2.9800
3.0110
3.0849
2.9240
3.0141
2.9750
2.9912
2.9640
2.9509
2.9619
2.9628
3.0260
3.0100
2.9039
2.9700
2.9490
4.4751
3.0308
2.9860
3.0270
2.9969
2.9790
3.0329
3.0119
2.9380
3.0799
3.0122
3.0560
3.0470
2.9490
2.9969
2.9759
3.0110
2.9871
2.9321
2.9149
3.0541
2.9910
2.9662
3.0310
2.9731
3.0279
2.9008
3.0730
2.9671
3.3219
3.8099
2.9449
3.0499
3.0789
2.9209
3.0830
3.0420
2.9490
3.0429
2.9922
3.0210
3.0239
2.9800
3.0270
3.0520
2.9440
3.0470
2.9581
3.0670
2.8830
2.9480
3.0470
3.0298
3.0191
2.9631
2.9571
3.0701
3.0141
2.9800
3.0291
3.0270
2.9380
2.9180
3.0642
3.0611
3.0761
3.0668
3.0479
3.0251
2.8739
3.0019
3.1030
3.0570
3.0951
2.9960
3.0699
3.0520
2.9368
2.9340
3.1130
3.1891
2.9399
3.0599
3.7141
5.1241
4.4990
3.2370
3.0620
3.8531
3.7410
3.0632
2.9540
3.0560
2.9960
2.9118
3.1121
3.1130
3.1798
3.0918
2.9509
3.1312
3.0479
2.9352
2.9590
3.0301
3.0060
2.9440
3.0150
3.0379
3.0439
3.0060
3.0720
3.2310
3.0799
3.0632
2.9500
3.0961
3.1309
3.0200
2.9650
2.9452
2.9719
3.0088
3.1760
3.0169
2.9011
3.4122
5.3699
4.1351
3.0100
3.0391
3.0661
2.9571
3.0682
3.0839
3.0980
2.9650
3.2592
3.7088
3.1021
2.9500
3.0160
3.7770
3.0551
3.1750
2.9702
3.5532
3.6809
3.0661
3.1610
3.0179
3.2549
2.9840
2.9531
3.0940
3.0890
3.0670
3.0200
3.1400
3.4480
4.0531
3.8352
5.5161
4.8079
3.0351
3.3669
3.1049
3.1090
2.9960
3.0501
3.0880
3.4680
3.6011
3.0069
3.1700
3.0930
3.5999
2.9969
3.1130
3.1130
3.1190
3.2039
3.0770
3.3069
3.3600
3.1569
3.2389
2.9609
3.3538
3.2210
3.5660
3.2570
2.9418
3.1049
2.9850
3.0441
3.3429
3.0949
3.0499
3.0060
3.1381
3.5040
3.4580
2.9612
2.9540
3.0279
3.4709
3.6569
3.0169
3.0661
3.0482
3.0730
3.2849
3.1710
3.2010
3.1199
2.9361
3.1521
3.4251
3.6480
3.2442
3.0200
3.2609
3.1290
2.9521
3.0410
3.0599
3.0670
3.4120
3.0091
2.9211
3.0150
3.4759
3.1409
3.0391
3.0711
3.1970
3.2940
3.3610
2.8892
3.1049
3.0820
3.2001
3.1600
3.0501
3.1390
3.0520
3.1672
3.3588
3.0909
3.1641
3.0582
3.1331
2.9700
3.1812
3.1741
3.0570
2.9390
3.0210
3.1669
3.0661
3.3519
3.0789
3.0670
3.0339
3.1421
3.2279
3.0391
3.2091
2.9640
3.1199
3.0141
2.9500
3.0529
2.9678
3.1130
2.9759
3.0169
2.9669
3.0229
3.0050
2.9941
2.9469
3.2239
3.0379
2.9659
3.0770
3.0289
3.0510
2.9619
2.8758
2.9790
3.0191
3.0160
2.9659
2.9690
3.0510
2.9571
3.0789
2.8620
2.9888
3.2411
3.0491
2.9411
3.0489
3.3860
2.9781
