51.7170029 
22.5920010 
22.2470016 
22.2950058 
22.1420002 
22.1640015 
22.2290001 
22.1699924 
22.1289997 
22.0709896 
22.0830135 
22.1230087 
22.0839977 
22.6069984 
22.8309937 
22.2380161 
22.1839848 
22.1369858 
25.0719795 
22.2200165 
22.1700363 
22.1100445 
22.4030018 
23.3759880 
22.3380318 
22.7130051 
22.5390205 
22.2220421 
22.0609894 
22.3109722 
22.0669518 
22.0490093 
22.1289997 
22.1040249 
22.0699902 
22.1859818 
22.0969925 
22.5970154 
22.6449966 
22.5380058 
22.5219727 
22.5459938 
22.5499878 
22.8230362 
22.5390205 
22.0589638 
23.2329369 
22.5870609 
22.5321045 
22.5570202 
22.5139847 
22.4930038 
22.6379623 
22.4720230 
22.5179195 
22.6709843 
22.0869789 
22.0561028 
22.4380493 
22.1440792 
22.2079754 
22.1139183 
22.2209702 
22.1019974 
22.1029510 
22.0999718 
22.1550465 
22.1998692 
22.0990181 
22.0680237 
22.0919838 
22.0968723 
22.1470604 
22.1569538 
22.4330425 
22.5360394 
22.5590477 
22.5230446 
22.6089954 
22.6839790 
22.2640038 
22.2780704 
22.3549614 
22.3770142 
22.4080086 
22.1071243 
22.1060524 
22.1021175 
22.6712227 
22.5141048 
23.6420631 
22.3500729 
22.0601559 
22.0561028 
22.0739841 
22.0599174 
22.0570564 
22.0699310 
22.0539570 
22.0468044 
22.4568844 
